0.00
0.18
0.52
0.82
1.12
1.41
1.71
2.00
2.30
2.59
2.89
3.18
3.47
3.77
4.06
4.36
4.65
4.95
5.24
5.54
5.83
6.13
6.42
6.72
7.01
7.30
7.60
7.89
8.19
8.48
8.78
9.07
9.37
9.66
9.96
10.25
10.55
10.84
11.13
11.43
11.72
12.02
12.31
12.61
12.90
13.20
13.49
13.79
14.08
14.37
14.67
14.96
15.26
15.55
15.85
16.14
16.44
16.73
17.03
17.32
17.62
17.91
18.20
18.50
18.79
19.09
19.38
19.68
19.97
20.00
20.00
20.12
20.07
20.07
20.07
20.07
20.07
20.07
20.07
20.07
20.07
20.07
20.07
20.07
20.07
20.07
20.07
20.07
20.07
20.07
20.07
20.07
20.07
20.07
20.07
20.07
20.07
20.07
20.07
20.07
20.07
20.07
20.07
20.07
20.07
20.07
20.07
20.07
20.07
20.07
20.07
20.07
20.07
20.07
20.07
20.07
20.07
20.07
20.07
20.07
20.07
20.07
19.96
19.60
19.30
19.01
18.71
18.42
18.12
17.83
17.54
17.24
16.95
16.65
16.36
16.06
15.77
15.47
15.18
14.88
14.59
14.30
14.00
13.71
13.41
13.12
12.82
12.53
12.23
11.94
11.64
11.35
11.05
10.76
10.47
10.17
9.88
9.58
9.29
8.99
8.70
8.40
8.11
7.81
7.52
7.22
6.93
6.64
6.34
6.05
5.75
5.46
5.16
4.87
4.57
4.28
3.98
3.69
3.40
3.10
2.81
2.51
2.22
1.92
1.63
1.33
1.04
0.74
0.45
0.15
0.00